003 李小铭 330412200012252849 中国建设银行 100 1 0
002 刘二鹏 140402200009542148 中国农业银行 1000 10 0
013 姜哈哈 140402200001354111 中国工商银行 100 16.1 2 11 99
016 武大郎 879461200001171613 中国人民银行 2000 20 0
019 六六六 172839205012364853 中国工商银行 2000 20 0
014 姜哈哈 140402200001354111 中国工商银行 1778 22.2 1 222
026 姜哈哈 140402200001354111 中国工商银行 1877 24.3 1 123
005 郭开心 146173169423621361 中国农业银行 5000 50 0
011 哈哈哈 332211202009123456 中国工商银行 2649 50.91 0
006 黄铁牛 140402200009123456 中国人民银行 7134 71.3 6 55 3 3 3 150 1000
009 黄铁柱 140402200007123456 中国农业银行 7242 72 3 1.5 98 398
001 姜哈哈 140402200001354111 中国工商银行 2269 91 5 621 111 6666 35 2
012 nullname nullid 中国建设银行 38754 99 0
010 大大大 147258200112123456 中国农业银行 254 100 0
004 奇末升 156121486140105632 中国工商银行 10000 100 0
015 姜哈哈 140402200001354111 中国建设银行 10000 100 0
021 姜哈哈 140402200001354111 中国工商银行 10000 100 0
022 懒洋洋 123456200001354622 中国建设银行 10000 100 0
023 姜哈哈 140402200001354111 中国人民银行 10000 100 0
024 辛亚克 523646299998753265 中国工商银行 10000 100 0
025 九年前 999999888815469875 中国工商银行 10000 100 0
026 姜哈哈 140402200001354111 中国人民银行 10000 100 0
027 哈哈哈 332211202009123456 中国人民银行 10000 100 0
008 张减帅 140402202006123456 中国农业银行 75454 754.54 0
007 孙红雷 140402200001123456 中国人民银行 87257 872.57 0
027 看风景 140402153398462533 中国工商银行 3000 242 1 2000
028 正能量 140402200001011234 中国工商银行 2000 20 0
028 浙工大 140402200001179875 中国人民银行 10000 100 0
