001 姜哈哈 140402200001354111 123456
002 刘二鹏 140402200009542148 542148
003 李小铭 330412200012252849 252849
004 奇末升 156121486140105632 105632
005 郭开心 146173169423621361 621361
006 黄铁牛 140402200009123456 123456
007 孙红雷 140402200001123456 123456
008 张减帅 140402202006123456 123456
009 黄铁柱 140402200007123456 123456
010 大大大 147258200112123456 123456
011 哈哈哈 332211202009123456 hhhhhh
012 jackson 321456900004563987 321456
013 武大郎 879461200095136412 136412
014 矩阵 123654201016123492 123492
015 六六六 172839205012364853 172839
016 懒洋洋 123456200001354622 123456
017 peter 321456900004563987 563987
018 辛亚克 523646299998753265 523646
019 九年前 999999888815469875 999999
020 正能量 140402200001011234 011234
021 特朗普 140402202616981214 981214
022 大青蛙 145612300023410123 410123
023 看风景 140402153398462533 123456
024 讲卫生 253641123698741236 741236
025 浙工大 140402200001179875 123456
